
Cluster № 0
red: 141.53246625707888
green: 158.15227811404782
blue: 102.34156731361021
Cluster № 1
red: 29.947509712237782
green: 45.71537253445113
blue: 24.35174992213759
Cluster № 2
red: 77.01751549662075
green: 85.89973064116894
blue: 68.84275041430416